#随机画笔的定义与其它border类文件相同，用相同字母进行定义每部分
#可自由扩展支持，定义符不够时新建额外文件，具体参照本目录内的说明文件。
#
[AA],1000,1004,1005
[BB],1001,1002,1003
[CC],5000,5001,5002,5003,5004,5005,5006,5007,5008
[DD],5009.5010,5011,5012,5013,5014,5015,5016,5017
[EE],5018,5019,5020,5021,5022,5023,5024,5025,5026
[FF],5027,5028,5029,5030,5031,5032,5033,5034,5035
[GG],5036,5037,5038,5039,5040,5041,5042,5043,5044函
[HH],5045,5046,5047,5048,5049,5050,5051,5052,5053
[II],6400,6401,6402,6403,6404,6405,6406,6407,6408
[JJ],6409,6410,6411,6412,6413,6414,6415,6416,6417
[KK],6777,6778,6779,6780,6781,6782,6783,6784,6785
[LL],6786,6787,6788,6789,6790,6791,6792,6793,6794
[MM],6795,6796,6797,6798,6799,6800,6801,6802,6803
[NN],6804,6805,6806,6807,6808,6809,6810,6811,6812
[OO],6813,6814,6815,6816,6817,6818,6819,6820,6821
[PP],6822,6823,6824,6825,6826,6827,6828,6829,6830
[QQ],7623,7624,7625,7626,7627,7628,7629,7630,7631,7632,7633,7634,7635,7636,7637,7638
[RR],7639,7640,7641,7642,7643,7644,7645,7646,7647,7648,7649,7650,7651,7652,7653,7654螃a
[SS],7655,7656,7657,7658,7659,7660,7661,7662,7663
[TT],7664,7665,7666,7667,7668,7669,7670,7671,7672,7673,7674,7675,7676,7677,7678,7679
[UU],7788,7789,7790,7791,7792,7793,7794,7795,7796,7797,7798,7799,7800,7801,7802,7803
[VV],7804,7805,7806,7807,7808,7809,7810,7811,7812,7813,7814,7815,7816,7817,7818,7819
[WW],7820,7821,7822,7823,7824,7825,7826,7827,7828,7829,7830,7831,7832,7833,7834,7835
[XX],7836,7837,7838,7839,7840,7841,7842,7843,7844
[YY],7845,7846,7847,7848
[ZZ],7849,7850,7851,7852
[aa],8141,8142,8143,8144,8145,8146,8147,8148,8149
[bb],8150,8151,8152,8153,8154,8155,8156,8157,8158
[cc],8159,8160,8161,8162,8163,8164,8165,8166,8167
[dd],8168,8169,8170,8171,8172,8173,8174,8175,8176
[ee],8829,8830,8831,8832,8833,8834,8835,8836,8837a
[ff],8177,8178,8179,8180
[gg],9730,9731,9732,9733,9734,9735,9736,9737,9738
[hh],9739,9740,9741,9742,9743,9744,9745,9746,9747
[ii],9180,9181,9182,9183,9184,9185,9186,9187,9188
#物件
[jj],10085,10086,10087,10088,10089,10090,10091,10092,10093,10094

