#Brushman参数设置文件
[对物品交换类NPC进行参数设置。]
<基本设置>
交换物品|0|2|9602|0|
交换说明|0|1|69003|0|
道具选择|0|1|69060|0|
数量不足|0|1|69054|0|
物品栏满|0|1|69055|0|
交换完成|0|1|69056|0|
<交换目标>
换得物品一|0|2||1|
   换得数量|0|0||1|
   消耗数量|0|0||1|
换得物品二|0|2||1|
   换得数量|0|0||1|
   消耗数量|0|0||1|
换得物品三|0|2||1|
   换得数量|0|0||1|
   消耗数量|0|0||1|
换得物品四|0|2||1|
   换得数量|0|0||1|
   消耗数量|0|0||1|
换得物品五|0|2||1|
   换得数量|0|0||1|
   消耗数量|0|0||1|
换得物品六|0|2||1|
   换得数量|0|0||1|
   消耗数量|0|0||1|
换得物品七|0|2||1|
   换得数量|0|0||1|
   消耗数量|0|0||1|
换得物品八|0|2||1|
   换得数量|0|0||1|
   消耗数量|0|0||1|
换得物品九|0|2||1|
   换得数量|0|0||1|
   消耗数量|0|0||1|
换得物品十|0|2||1|
   换得数量|0|0||1|
   消耗数量|0|0||1|
换得物品十一|0|2||1|
   换得数量|0|0||1|
   消耗数量|0|0||1|
换得物品十二|0|2||1|
   换得数量|0|0||1|
   消耗数量|0|0||1|
换得物品十三|0|2||1|
   换得数量|0|0||1|
   消耗数量|0|0||1|
换得物品十四|0|2||1|
   换得数量|0|0||1|
   消耗数量|0|0||1|
换得物品十五|0|2||1|
   换得数量|0|0||1|
   消耗数量|0|0||1|
换得物品十六|0|2||1|
   换得数量|0|0||1|
   消耗数量|0|0||1|
换得物品十七|0|2||1|
   换得数量|0|0||1|
   消耗数量|0|0||1|
换得物品十八|0|2||1|
   换得数量|0|0||1|
   消耗数量|0|0||1|
换得物品十九|0|2||1|
   换得数量|0|0||1|
   消耗数量|0|0||1|
换得物品二十|0|2||1|
   换得数量|0|0||1|
   消耗数量|0|0||1|