#itemshop2参数设置文件
[设置商店类型NPC的买卖功能。]
<基本设定>
出售价格倍率|0|0|100|0|
回收价格倍率|0|0|100|0|
商店功能|2|请选择,买,卖,买/卖|2|0|
<发言设定>
自我介绍|0|1|10146|0|
出售介绍|0|1|10147|0|
金币不够|0|1|10148|0|
道具栏满|0|1|10149|0|
确认回收|0|1|10150|0|
交易完成|0|1|10151|0|
<回收种类>
剑|3||1|0|
斧|3||1|0|
枪|3||1|0|
杖|3||1|0|
弓|3||1|0|
小刀|3||1|0|
回力标|3||1|0|
盾|3||1|0|
头盔|3||1|0|
帽子|3||1|0|
铠|3||1|0|
衣服|3||1|0|
袍|3||1|0|
鞋|3||1|0|
靴|3||1|0|
手环|3||0|0|
乐器|3||0|0|
项链|3||0|0|
戒指|3||0|0|
头带|3||0|0|
护身符|3||0|0|
耳环|3||0|0|
水晶|3||0|0|
料理|3||1|0|
家具|3||0|0|
素材|3||0|0|
不明|3||1|0|
宝箱|3||0|0|
钥匙|3||0|0|
矿石|3||1|0|
木材|3||1|0|
布|3||1|0|
肉|3||1|0|
鱼|3||1|0|
蔬菜|3||0|0|
其他食材|3||0|0|
香草|3||0|0|
宝石|3||1|0|
其他素材B|3||0|0|
封印卡|3||1|0|
图鉴卡|3||1|0|
食物|3||0|0|
药水|3||1|0|
书本|3||0|0|
地图|3||0|0|
彩票|3||0|0|
邮票|3||0|0|
头饰|3||0|0|
<出售商品>
商品一|0|2||1|
商品二|0|2||1|
商品三|0|2||1|
商品四|0|2||1|
商品五|0|2||1|
商品六|0|2||1|
商品七|0|2||1|
商品八|0|2||1|
商品九|0|2||1|
商品十|0|2||1|
商品十一|0|2||1|
商品十二|0|2||1|
商品十三|0|2||1|
商品十四|0|2||1|
商品十五|0|2||1|
商品十六|0|2||1|
商品十七|0|2||1|
商品十八|0|2||1|
商品十九|0|2||1|
商品二十|0|2||1|