#Jobsmaster参数设置文件
[设置职业就职类NPC的属性。]
?本NPC参数需要|结尾?
<基本设定>
受理就职职业|0|3|10|0|
就职前职业|0|3|0|0|
晋职转职手续费|0|0|5000|0|
<就职需求>
完成任务旗标|0|0|-1|0|
携带道具(推荐信)|0|2|18101|0|
角色等级|0|0|1|0|
受理职业说明|0|1|65490|0|
<就职对话>
非游民时|0|1|65494|0|
未完成任务时|0|1|65495|0|
未携带道具时|0|1|65496|0|
角色等级不够时|0|1|65497|0|
就职成功时|0|1|65498|0|
<转职需求>
完成任务旗标|0|0|-1|0|
携带道具(推荐信)|0|2|18101|0|
角色等级|0|0|1|0|
<转职对话>
游民时|0|1|65499|0|
职业为本职业时|0|1|65500|0|
未完成任务时|0|1|65501|0|
未携带道具时|0|1|65502|0|
角色等级不够时|0|1|65503|0|
转职费用不足时|0|1|65504|0|
转职成功时|0|1|65505|0|
转职窗口文本|0|1|65506|0|
转职窗口文本|0|1|65507|0|
转职窗口文本|0|1|65508|0|
转职窗口文本|0|1|65509|0|
<提升阶级>
非本职业时|0|1|65510|0|
已最高阶级时|0|1|65511|0|
等级或技能未达标|0|1|65512|0|
晋职任务未完成时|0|1|65513|0|
称号未达到时|0|1|65514|0|
阶级无空位时|0|1|65515|0|
晋级手续费文本|0|1|65516|0|
晋级手续费文本|0|1|65517|0|
晋级成功|0|1|65518|0|
<晋职任务>
D转C|0|0|93|0|
C转B|0|0|92|0|
B转A|0|0|91|0|
A转S|0|0|90|0|
<其他项目>
重复就职时|0|1|65519|0|
转职技能变化(本条无效)|0|1|990016|0|